ouncePerGram = 28.349523125;
poundPerGram = 1412.845;