r1=10;
r2=15;
r3=100;
rt=1/(1/r1+1/r2+1/r3)