copper = 63.55