A=[3 6 9 5; 2 4 8 3; 1 2 3 7; 5 1 4 8]
B=[1 2 3 2; 2 4 1 5; 1 4 7 2; 7 4 2 9]
n1=A.*B
n2=A.^B
n3=A.\B
n4=A./B