pvec = 3:2:10 % pvec = 3 5 7 9
pvec(2) = 15 % pvec = 3 15 7 9
pvec(7) = 33 % pvec = 3 15 7 9 0 0 33
pvec([2:4 7]) % ans = 15 7 9 33
linspace(5,11,3) % ans = 5 8 11
logspace(2,4,3) % ans = 100 1000 10000